v3.0 hex words addressed
000: 10800 10800 10800 10800 10800 10800 10800 10800
008: 10800 10800 10800 10800 10800 10800 10800 10800
010: 09200 09200 09200 09200 09200 09200 09200 09200
018: 09200 09200 09200 09200 09200 09200 09200 09200
020: 00900 00900 00900 00000 00900 00108 00000 00000
028: 00900 00000 00000 00000 04100 00000 00011 00080
030: 01008 01020 01020 00000 02010 00000 00000 00000
038: 01008 00000 00000 00000 00000 00000 00000 00000
040: 00000 0000c 0000e 00000 00000 00000 00000 00000
048: 00000 00000 00000 00000 00000 00000 00000 00000
050: 00000 00000 00000 00000 00000 00000 00000 00000
058: 00000 00000 00000 00000 00000 00000 00000 00000
060: 00000 00000 00000 00000 00000 00000 00000 00000
068: 00000 00000 00000 00000 00000 00000 00000 00000
070: 00000 00000 00000 00000 00000 00000 00000 00000
078: 00000 00000 00000 00000 00000 00000 00000 00000
080: 10800 10800 10800 10800 10800 10800 10800 10800
088: 10800 10800 10800 10800 10800 10800 10800 10800
090: 09200 09200 09200 09200 09200 09200 09200 09200
098: 09200 09200 09200 09200 09200 09200 09200 09200
0a0: 00900 00900 00900 00000 00900 00108 00000 00000
0a8: 00900 00000 00000 00000 04100 00000 00011 00080
0b0: 01008 01020 01020 00000 02010 00000 00000 00000
0b8: 01008 00000 00000 00000 00000 00000 00000 00000
0c0: 00000 0000c 0000e 00000 00000 00000 00000 00000
0c8: 00000 00000 00000 00000 00000 00000 00000 00000
0d0: 00000 00000 00000 00000 00000 00000 00000 00000
0d8: 00000 00000 00000 00000 00000 00000 00000 00000
0e0: 00000 00000 00000 00000 00000 00000 00000 00000
0e8: 00000 00000 00000 00000 00000 00000 00000 00000
0f0: 00000 00000 00000 00000 00000 00000 00000 00000
0f8: 00000 00000 00000 00000 00000 00000 00000 00000
100: 10800 10800 10800 10800 10800 10800 10800 10800
108: 10800 10800 10800 10800 10800 10800 10800 10800
110: 09200 09200 09200 09200 09200 09200 09200 09200
118: 09200 09200 09200 09200 09200 09200 09200 09200
120: 00900 00900 00900 00000 00900 00108 00000 00000
128: 00900 00000 00000 00000 04100 00000 00011 00080
130: 01008 01020 01020 00000 02010 00000 00000 00000
138: 01008 00000 00000 00000 00000 00000 00000 00000
140: 00000 0000c 0000e 00000 00000 00000 00000 00000
148: 00000 00000 00000 00000 00000 00000 00000 00000
150: 00000 00000 00000 00000 00000 00000 00000 00000
158: 00000 00000 00000 00000 00000 00000 00000 00000
160: 00000 00000 00000 00000 00000 00000 00000 00000
168: 00000 00000 00000 00000 00000 00000 00000 00000
170: 00000 00000 00000 00000 00000 00000 00000 00000
178: 00000 00000 00000 00000 00000 00000 00000 00000
180: 10800 10800 10800 10800 10800 10800 10800 10800
188: 10800 10800 10800 10800 10800 10800 10800 10800
190: 09200 09200 09200 09200 09200 09200 09200 09200
198: 09200 09200 09200 09200 09200 09200 09200 09200
1a0: 00900 00900 00900 00000 00900 00108 00000 00000
1a8: 00900 00000 00000 00000 04100 00000 00011 00080
1b0: 01008 01020 01020 00000 02010 00000 00000 00000
1b8: 00000 00000 00000 00000 00000 00000 00000 00000
1c0: 00000 0000c 0000e 00000 00000 00000 00000 00000
1c8: 00000 00000 00000 00000 00000 00000 00000 00000
1d0: 00000 00000 00000 00000 00000 00000 00000 00000
1d8: 00000 00000 00000 00000 00000 00000 00000 00000
1e0: 00000 00000 00000 00000 00000 00000 00000 00000
1e8: 00000 00000 00000 00000 00000 00000 00000 00000
1f0: 00000 00000 00000 00000 00000 00000 00000 00000
1f8: 00000 00000 00000 00000 00000 00000 00000 00000
